MES VS CONSUMO (kWh)
1 2 3 4 5 6 7 8 9 10 11 12
1134 1021 762 574 524 317 304 402 328 388 548 712
AREA IMOVEL VS PRECO
263.0 391.5 199.3 200.7 215.1 249.3 146.2 313.5 359.0 253.3 71.8 307.1 60.2 168.7 288.9 294.5 169.1 158.9 158.1 149.3 399.8
923510.00 1230451.50 602060.70 788827.90 739997.60 976274.90 528483.60 1333388.00 1463408.00 819175.30 272560.00 1219568.80 221080.20 660184.20 1223567.90 1128836.50 703879.80 656168.50 618285.60 553280.60 1716955.60
MESES VS PESO
1 2 3 4 5 6 7 8 9 10 11 12 13 14 15 16 17 18
3431 3739 4064 4397 4754 5123 5501 5902 6322 6754 7197 7659 8138 8621 9126 9648 10186 10741
U VS V
998 161 777 691 434 480 986 308 223 792 824 177 805 803 274 258 379 459
618 814 425 979 470 415 643 700 439 306 109 376 209 757 974 765 633 704
Y VS X
783 246 830 438 826 943 253 460 869 545 783
481 203 874 539 878 154 519 567 369 845 724
